IC=[0.99, 0.01], Y_final=0.000101
IC=[0.95, 0.05], Y_final=0.000060
IC=[0.9, 0.1], Y_final=0.000048
